  207 306 364 096 154 274 284 180 302 071 366 038
  225 028 184 129 261 363 061 326 070 076 190 099
  246 250 170 262 177 054 103 176 321 144 300 040
  264 092 283 158 137 187 142 272 032 066 166 001
  265 233 172 294 041 078 286 063 147 339 211 252
  242 148 327 297 050 218 185 155 110 006 186 356
  292 304 149 058 106 288 354 355 042 080 017 141
  287 208 229 035 216 084 320 157 043 317 260 065
  338 130 077 289 311 140 022 153 199 254 237 027
  231 276 360 194 220 226 234 025 046 312 227 362
  090 351 332 324 107 202 223 034 329 201 244 056
  228 340 258 165 052 273 169 269 308 257 259 249
  183 118 173 271 105 047 278 365 094 236 247 204
  285 064 203 248 267 113 307 309 253 036 316 275
  325 214 319 222 162 008 088 020 303 075 318 003
  074 353 347 023 205 068 291 358 243 159 120 128
  009 198 117 251 270 193 182 295 178 188 298 293
  051 189 168 139 085 102 131 011 104 134 175 073
  195 210 053 049 055 044 100 150 255 163 333 019
  310 086 200 039 119 030 095 115 313 331 125 221
  206 015 280 342 012 296 067 033 016 282 330 341
  108 013 345 126 164 059 132 082 145 263 093 156
  349 116 089 179 197 336 151 143 323 152 181 171
  337 359 133 021 060 328 004 256 277 212 062 245
  002 335 219 238 024 213 121 192 224 138 097 135
  114 136 122 045 026 346 350 348 344 069 209 361
  072 217 232 124 241 007 235 352 314 098 240 290
  357 083 215 281 091 057 127 037 005 010 031 174
  266 305 343 109 081 196 146 279 048 079 230 101
  268     191 029 301 123 112 334 229 087 014 167
  239     161     018     315 111     160     322

